98246, 1908027,1076513, 2000000
1339369, 2083853,1076513, 2000000
679177, 3007305,1076513, 2000000
20262, 3978297,13166, 4136840
3260165, 2268955,4044141, 2290104
2577675, 3062584,2141091, 2828176
3683313, 2729137,4044141, 2290104
1056412, 370641,1076513, 2000000
2827280, 1827095,2757345, 1800840
1640458, 3954524,2141091, 2828176
2139884, 1162189,2757345, 1800840
3777450, 3714504,3355953, 3271922
1108884, 2426713,1076513, 2000000
2364307, 20668,2972273, -494417
3226902, 2838842,3355953, 3271922
22804, 3803886,13166, 4136840
2216477, 2547945,2141091, 2828176
1690953, 2203555,1076513, 2000000
3055156, 3386812,3355953, 3271922
3538996, 719130,2972273, -494417
2108918, 2669413,2141091, 2828176
3999776, 2044283,4044141, 2290104
2184714, 2763072,2141091, 2828176
2615462, 2273553,2757345, 1800840
